
  Obs  ID  Condition  IPIP_Openness  PAT2  PAT3  PAT4  PAT5  PAT6  NAT2  NAT3  NAT4  NAT5  NAT6  WordCountT2  WordCountT3  WordCountT4  WordCountT5  WordCountT6  FatigueT2  FatigueT3  FatigueT4  FatigueT5  FatigueT6  SerenityT2  SerenityT3  SerenityT4  SerenityT5  SerenityT6  AuthenticityT2  AuthenticityT3  AuthenticityT4  AuthenticityT5  AuthenticityT6  EffortT2  EffortT3  EffortT4  EffortT5  EffortT6
-----  --  ---------  -------------  ----  ----  ----  ----  ----  ----  ----  ----  ----  ----  -----------  -----------  -----------  -----------  -----------  ---------  ---------  ---------  ---------  ---------  ----------  ----------  ----------  ----------  ----------  --------------  --------------  --------------  --------------  --------------  --------  --------  --------  --------  --------
    1   1          1           5.52  3.86  4.22  4.15  4.02  4.33  2.36  2.78  2.87  2.32  2.33           91           91           91           92           92       2.47       2.93       2.36       2.34       2.19        4.36         4.4        4.33        4.31        4.17            5.57            5.52            5.89            5.81            5.56      2.71      3.01      2.58      3.02      2.98
    2   2          0           5.05  5.32  5.12  4.88  4.88  5.27  2.43  1.79  1.81  2.28  2.09           87           87           87           86           86        2.2       2.24       2.22       2.44       1.89        5.36        5.09        5.29        5.11        5.67             6.3            6.48               6            5.87            5.61      3.63      2.89      3.05      2.97       3.2
    3   3          1           4.93  4.75  5.64  5.58  4.77  5.19  1.55  2.04  1.55  1.44  1.69          152          152          152          151          152       2.44       2.45       2.35       1.91       1.84        3.91        3.64        4.29         4.4        3.81            4.92            4.53            5.19             4.9            5.34      3.38      2.63      2.64      2.77      3.41
    4   4          0           4.25  4.47  4.71   4.8  5.35  4.83  3.04  2.54  2.41  3.07  2.93           84           83           83           83           83       4.22       3.45       3.45       3.73       3.52        5.84           6         5.4        6.05         5.9            5.29            5.41            6.06            5.69            5.95      3.16      3.18      3.21       3.2      3.31
    5   5          1           4.66  3.96  3.77  3.51  3.42  3.16  2.85   3.1  2.48  2.27  2.66          121          120          120          120          121       2.76       2.52       2.59       2.32       2.52        4.09        4.37        4.06        3.96        4.27            4.85            4.93             4.8            4.86            4.83      2.94      2.14      2.68      2.32      2.87
    6   6          0           4.07  4.72  5.28  5.51  5.67  4.81  1.86   1.9   1.5   2.2  1.51          123          123          122          123          123       2.66       2.32       2.02       2.26       2.66        5.06        4.62        4.87        4.75        4.76            5.17            4.65             5.1            4.34            4.55      3.42      3.04      2.65       2.9      3.19
    7   7          1           3.65  4.48  5.03   4.7  4.61  4.61  2.45  2.79   2.8  3.34  2.47           98           98           98           98           98       2.84       2.13       2.91       2.84       2.32        5.13        4.58        5.09        5.24        4.72            6.04            6.22            6.34             6.2            6.27       3.7      3.43      3.94      3.53         4
    8   8          0            5.9  4.97  4.73  4.75   5.4  5.43  2.57  3.04  2.63  2.73  2.23          135          136          136          136          135       3.12       3.28       3.58       3.51        3.2        5.56        5.45        4.68        5.29        4.63            5.33            5.99            6.17            5.52            6.09      3.55      2.81       2.6      2.91      2.82
    9   9          1           4.34  4.46  4.86  4.89  4.44  5.08  1.48  2.05   1.4  1.99  1.17           94           94           94           94           95       2.58       3.14       3.03        2.8       2.43        4.73        4.82        5.29        4.74        5.31            5.08            4.35            4.88            4.36            5.14      3.79      3.51      4.04       4.2      4.36
   10  10          0           5.47  4.69  4.68  4.58  4.84  5.31  2.82  2.72  2.43  2.57  2.75          126          126          127          126          127       2.27       2.05       2.54       1.91       2.73        5.51        4.98        4.65        5.34        5.01            5.79            6.19            6.42            6.22            6.38      3.27      2.87      3.03      3.36      2.84

... 10 more observations (showing 10 of 20)

  Obs  ID  Condition  Time  IPIP_Openness  Daily_PA  Daily_NA  Daily_WC  Daily_Fatigue  Daily_Serenity  Daily_Authenticity  Daily_Effort
-----  --  ---------  ----  -------------  --------  --------  --------  -------------  --------------  ------------------  ------------
    1   1          1     1           5.52      3.86      2.36        91           2.47            4.36                5.57          2.71
    2   1          1     2           5.52      4.22      2.78        91           2.93             4.4                5.52          3.01
    3   1          1     3           5.52      4.15      2.87        91           2.36            4.33                5.89          2.58
    4   1          1     4           5.52      4.02      2.32        92           2.34            4.31                5.81          3.02
    5   1          1     5           5.52      4.33      2.33        92           2.19            4.17                5.56          2.98
    6   2          0     1           5.05      5.32      2.43        87            2.2            5.36                 6.3          3.63
    7   2          0     2           5.05      5.12      1.79        87           2.24            5.09                6.48          2.89
    8   2          0     3           5.05      4.88      1.81        87           2.22            5.29                   6          3.05
    9   2          0     4           5.05      4.88      2.28        86           2.44            5.11                5.87          2.97
   10   2          0     5           5.05      5.27      2.09        86           1.89            5.67                5.61           3.2

... 90 more observations (showing 10 of 100)

  Obs  ID  Condition  Time  IPIP_Openness  Daily_PA  Daily_NA  Daily_WC  Daily_Fatigue  Daily_Serenity  Daily_Authenticity  Daily_Effort  IPIP_Open_gc  Daily_PA_pc  Daily_NA_pc  Daily_WC_pc  Daily_Fatigue_pc  Daily_Serenity_pc  Daily_Authenticity_pc  Daily_Effort_pc  Daily_PA_gc  Daily_NA_gc  Daily_WC_gc  Daily_Fatigue_gc  Daily_Serenity_gc  Daily_Authenticity_gc  Daily_Effort_gc
-----  --  ---------  ----  -------------  --------  --------  --------  -------------  --------------  ------------------  ------------  ------------  -----------  -----------  -----------  ----------------  -----------------  ---------------------  ---------------  -----------  -----------  -----------  ----------------  -----------------  ---------------------  ---------------
    1   1          1     1           5.52      3.86      2.36        91           2.47            4.36                5.57          2.71          5.52         3.86         2.36           91              2.47               4.36                   5.57             2.71         3.86         2.36           91              2.47               4.36                   5.57             2.71
    2   1          1     2           5.52      4.22      2.78        91           2.93             4.4                5.52          3.01          5.52         4.22         2.78           91              2.93                4.4                   5.52             3.01         4.22         2.78           91              2.93                4.4                   5.52             3.01
    3   1          1     3           5.52      4.15      2.87        91           2.36            4.33                5.89          2.58          5.52         4.15         2.87           91              2.36               4.33                   5.89             2.58         4.15         2.87           91              2.36               4.33                   5.89             2.58
    4   1          1     4           5.52      4.02      2.32        92           2.34            4.31                5.81          3.02          5.52         4.02         2.32           92              2.34               4.31                   5.81             3.02         4.02         2.32           92              2.34               4.31                   5.81             3.02
    5   1          1     5           5.52      4.33      2.33        92           2.19            4.17                5.56          2.98          5.52         4.33         2.33           92              2.19               4.17                   5.56             2.98         4.33         2.33           92              2.19               4.17                   5.56             2.98
    6   2          0     1           5.05      5.32      2.43        87            2.2            5.36                 6.3          3.63          5.05         5.32         2.43           87               2.2               5.36                    6.3             3.63         5.32         2.43           87               2.2               5.36                    6.3             3.63
    7   2          0     2           5.05      5.12      1.79        87           2.24            5.09                6.48          2.89          5.05         5.12         1.79           87              2.24               5.09                   6.48             2.89         5.12         1.79           87              2.24               5.09                   6.48             2.89
    8   2          0     3           5.05      4.88      1.81        87           2.22            5.29                   6          3.05          5.05         4.88         1.81           87              2.22               5.29                      6             3.05         4.88         1.81           87              2.22               5.29                      6             3.05
    9   2          0     4           5.05      4.88      2.28        86           2.44            5.11                5.87          2.97          5.05         4.88         2.28           86              2.44               5.11                   5.87             2.97         4.88         2.28           86              2.44               5.11                   5.87             2.97
   10   2          0     5           5.05      5.27      2.09        86           1.89            5.67                5.61           3.2          5.05         5.27         2.09           86              1.89               5.67                   5.61              3.2         5.27         2.09           86              1.89               5.67                   5.61              3.2

... 90 more observations (showing 10 of 100)

  Obs  ID  CONDITION  TIME  IPIP_OPENNESS  DAILY_PA  DAILY_NA  DAILY_WC  DAILY_FATIGUE  DAILY_SERENITY  DAILY_AUTHENTICITY  DAILY_EFFORT  IPIP_OPEN_GC  DAILY_PA_PC  DAILY_NA_PC  DAILY_WC_PC  DAILY_FATIGUE_PC  DAILY_SERENITY_PC  DAILY_AUTHENTICITY_PC  DAILY_EFFORT_PC  DAILY_PA_GC  DAILY_NA_GC  DAILY_WC_GC  DAILY_FATIGUE_GC  DAILY_SERENITY_GC  DAILY_AUTHENTICITY_GC  DAILY_EFFORT_GC
-----  --  ---------  ----  -------------  --------  --------  --------  -------------  --------------  ------------------  ------------  ------------  -----------  -----------  -----------  ----------------  -----------------  ---------------------  ---------------  -----------  -----------  -----------  ----------------  -----------------  ---------------------  ---------------
    1   1          1     1           5.52      3.86      2.36        91           2.47            4.36                5.57          2.71          5.52       -0.256       -0.172         -0.4             0.012              0.046                   -0.1            -0.15         3.86         2.36           91              2.47               4.36                   5.57             2.71
    2   1          1     2           5.52      4.22      2.78        91           2.93             4.4                5.52          3.01          5.52        0.104        0.248         -0.4             0.472              0.086                  -0.15             0.15         4.22         2.78           91              2.93                4.4                   5.52             3.01
    3   1          1     3           5.52      4.15      2.87        91           2.36            4.33                5.89          2.58          5.52        0.034        0.338         -0.4            -0.098              0.016                   0.22            -0.28         4.15         2.87           91              2.36               4.33                   5.89             2.58
    4   1          1     4           5.52      4.02      2.32        92           2.34            4.31                5.81          3.02          5.52       -0.096       -0.212          0.6            -0.118             -0.004                   0.14             0.16         4.02         2.32           92              2.34               4.31                   5.81             3.02
    5   1          1     5           5.52      4.33      2.33        92           2.19            4.17                5.56          2.98          5.52        0.214       -0.202          0.6            -0.268             -0.144                  -0.11             0.12         4.33         2.33           92              2.19               4.17                   5.56             2.98
    6   2          0     1           5.05      5.32      2.43        87            2.2            5.36                 6.3          3.63          5.05        0.226         0.35          0.4             0.002              0.056                  0.248            0.482         5.32         2.43           87               2.2               5.36                    6.3             3.63
    7   2          0     2           5.05      5.12      1.79        87           2.24            5.09                6.48          2.89          5.05        0.026        -0.29          0.4             0.042             -0.214                  0.428           -0.258         5.12         1.79           87              2.24               5.09                   6.48             2.89
    8   2          0     3           5.05      4.88      1.81        87           2.22            5.29                   6          3.05          5.05       -0.214        -0.27          0.4             0.022             -0.014                 -0.052           -0.098         4.88         1.81           87              2.22               5.29                      6             3.05
    9   2          0     4           5.05      4.88      2.28        86           2.44            5.11                5.87          2.97          5.05       -0.214          0.2         -0.6             0.242             -0.194                 -0.182           -0.178         4.88         2.28           86              2.44               5.11                   5.87             2.97
   10   2          0     5           5.05      5.27      2.09        86           1.89            5.67                5.61           3.2          5.05        0.176         0.01         -0.6            -0.308              0.366                 -0.442            0.052         5.27         2.09           86              1.89               5.67                   5.61              3.2

... 90 more observations (showing 10 of 100)

  Obs  ID  CONDITION  TIME  IPIP_OPENNESS  DAILY_PA  DAILY_NA  DAILY_WC  DAILY_FATIGUE  DAILY_SERENITY  DAILY_AUTHENTICITY  DAILY_EFFORT  IPIP_OPEN_GC  DAILY_PA_PC  DAILY_NA_PC  DAILY_WC_PC  DAILY_FATIGUE_PC  DAILY_SERENITY_PC  DAILY_AUTHENTICITY_PC  DAILY_EFFORT_PC  DAILY_PA_GC  DAILY_NA_GC  DAILY_WC_GC  DAILY_FATIGUE_GC  DAILY_SERENITY_GC  DAILY_AUTHENTICITY_GC  DAILY_EFFORT_GC
-----  --  ---------  ----  -------------  --------  --------  --------  -------------  --------------  ------------------  ------------  ------------  -----------  -----------  -----------  ----------------  -----------------  ---------------------  ---------------  -----------  -----------  -----------  ----------------  -----------------  ---------------------  ---------------
    1   1          1     1           5.52      3.86      2.36        91           2.47            4.36                5.57          2.71        1.1035       -0.256       -0.172         -0.4             0.012              0.046                   -0.1            -0.15      -0.7242       0.1859       -26.89           -0.1925            -0.6216                 0.0293          -0.2865
    2   1          1     2           5.52      4.22      2.78        91           2.93             4.4                5.52          3.01        1.1035        0.104        0.248         -0.4             0.472              0.086                  -0.15             0.15      -0.3642       0.6059       -26.89            0.2675            -0.5816                -0.0207           0.0135
    3   1          1     3           5.52      4.15      2.87        91           2.36            4.33                5.89          2.58        1.1035        0.034        0.338         -0.4            -0.098              0.016                   0.22            -0.28      -0.4342       0.6959       -26.89           -0.3025            -0.6516                 0.3493          -0.4165
    4   1          1     4           5.52      4.02      2.32        92           2.34            4.31                5.81          3.02        1.1035       -0.096       -0.212          0.6            -0.118             -0.004                   0.14             0.16      -0.5642       0.1459       -25.89           -0.3225            -0.6716                 0.2693           0.0235
    5   1          1     5           5.52      4.33      2.33        92           2.19            4.17                5.56          2.98        1.1035        0.214       -0.202          0.6            -0.268             -0.144                  -0.11             0.12      -0.2542       0.1559       -25.89           -0.4725            -0.8116                 0.0193          -0.0165
    6   2          0     1           5.05      5.32      2.43        87            2.2            5.36                 6.3          3.63        0.6335        0.226         0.35          0.4             0.002              0.056                  0.248            0.482       0.7358       0.2559       -30.89           -0.4625             0.3784                 0.7593           0.6335
    7   2          0     2           5.05      5.12      1.79        87           2.24            5.09                6.48          2.89        0.6335        0.026        -0.29          0.4             0.042             -0.214                  0.428           -0.258       0.5358      -0.3841       -30.89           -0.4225             0.1084                 0.9393          -0.1065
    8   2          0     3           5.05      4.88      1.81        87           2.22            5.29                   6          3.05        0.6335       -0.214        -0.27          0.4             0.022             -0.014                 -0.052           -0.098       0.2958      -0.3641       -30.89           -0.4425             0.3084                 0.4593           0.0535
    9   2          0     4           5.05      4.88      2.28        86           2.44            5.11                5.87          2.97        0.6335       -0.214          0.2         -0.6             0.242             -0.194                 -0.182           -0.178       0.2958       0.1059       -31.89           -0.2225             0.1284                 0.3293          -0.0265
   10   2          0     5           5.05      5.27      2.09        86           1.89            5.67                5.61           3.2        0.6335        0.176         0.01         -0.6            -0.308              0.366                 -0.442            0.052       0.6858      -0.0841       -31.89           -0.7725             0.6884                 0.0693           0.2035

... 90 more observations (showing 10 of 100)

                                                  The MEANS Procedure

 Variable              N           Mean        Std Dev        Minimum        Maximum
 -----------------------------------------------------------------------------------
 IPIP_OPENNESS       100      4.4165000      1.0399168      2.5600000      5.9000000
 -----------------------------------------------------------------------------------

