
  Obs  ID  Condition  IPIP_Openness  WordCountMean  PAppp1  PAppp2  PAppp3  NAppp1  NAppp2  NAppp3  Fatigueppp1  Fatigueppp2  Fatigueppp3  Serenityppp1  Serenityppp2  Serenityppp3  PGppp1  PGppp2  PGppp3  Presenceppp1  Presenceppp2  Presenceppp3  Searchppp1  Searchppp2  Searchppp3  SWLSppp1  SWLSppp2  SWLSppp3  MILQppp1  MILQppp2  MILQppp3  Authenticityppp1  Authenticityppp2  Authenticityppp3  Effortppp1  Effortppp2  Effortppp3
-----  --  ---------  -------------  -------------  ------  ------  ------  ------  ------  ------  -----------  -----------  -----------  ------------  ------------  ------------  ------  ------  ------  ------------  ------------  ------------  ----------  ----------  ----------  --------  --------  --------  --------  --------  --------  ----------------  ----------------  ----------------  ----------  ----------  ----------
    1   1          1           4.59          126.8    4.19    3.79    3.72    1.38    1.57    1.41         2.83         2.53         3.08          5.59           5.5           6.1     3.7    3.15    3.38          4.83          4.74          4.16        2.83        3.22        2.72       3.9      3.98      3.79      5.56      5.78      5.53              5.76              5.28              5.33        4.14        4.45        3.85
    2   2          0           3.18          179.7    3.79    4.04    3.44    1.96    1.78    1.97         2.67         2.82         3.29          4.51           4.6          5.02    4.66    4.11    4.47          4.02          4.06          3.93        2.92        3.37        3.02      3.82      3.78      4.35      4.23       4.4      3.92               4.3                 5              4.48        2.66        2.88         2.2
    3   3          1           2.76            167    4.91    5.65    5.61    2.14    1.83    2.19          2.3         2.35         2.81           4.4          4.39          5.28    3.54    3.09    3.32          3.97           4.5          4.38        3.44        3.33        3.47      4.75      5.06      5.09      5.46      5.98      5.49              6.17              5.29              5.69        4.02        4.37        4.05
    4   4          0           5.92          190.6    5.49    5.56    5.52    1.88    1.99    1.31         2.95         3.64         3.66          5.16          5.51          4.99     3.6    3.38    3.39          4.73          5.12          4.87        3.75        3.74        3.11      5.28      4.83      4.69      5.58      6.07      5.22              4.99              4.24              4.52        3.06         2.6        2.84
    5   5          1           5.86           84.8    3.65       4    3.95    1.93    1.96    1.65         3.17         2.53         2.91          5.39          5.83          5.61    3.76    4.37    4.68          4.88          5.07          5.13        4.81        4.52        4.31      5.53      5.54      5.91      5.43      5.57      5.26               5.5              4.89              5.76        4.42         4.4        3.96
    6   6          0            4.8            135    4.48    4.16    4.49    1.76    1.78    1.92         4.09         4.14         4.07          5.47          5.27          5.07     4.5    4.28    4.89          4.82          4.68          4.61        3.83         3.7        3.33      4.57      4.36      4.84      3.99      3.86      3.57              5.81               6.2              6.29        2.92        2.73        2.19
    7   7          1           5.93          165.6    4.45    5.15    4.33    2.93    2.75    3.15         2.69         2.47          3.1          3.85          3.71          3.72    2.79    3.47    3.26           5.1          4.38          4.47        3.41        3.48        4.21      4.68      4.41      4.15      4.21      4.41      3.97              4.87              5.67              4.97        3.91        4.11        4.25
    8   8          0           3.53          154.1    5.03    5.52    5.36    2.85    2.88     2.6         3.38         3.27         4.01          5.89          5.19          5.15    4.18    4.37    4.36          5.55          5.47          5.22        2.77        2.69         2.7      5.38      4.91      5.06      5.67       5.4       4.7              4.15              4.75              5.11        3.52        3.75        3.58
    9   9          1           3.11          157.1    5.54    5.35    5.06    2.77     2.3    2.68         3.92         3.95         3.24          3.96          4.17          4.04    4.77    4.52    4.39          3.73          3.63          4.23        3.08        3.34        2.69      4.44      4.15      4.78      4.21      4.22      4.44              5.54              5.76              5.35        2.44        2.98        2.68
   10  10          0            5.1          120.9    4.01    4.31    4.55    1.41     1.7    1.55         2.78         3.36          2.7          5.06          5.46          5.44    4.66    4.47    4.95          3.49          3.91          4.29        3.99         3.9         3.6      5.12      5.62      5.16       4.3      4.44      3.94               4.5              4.14              4.56         3.6        3.43        3.55

... 10 more observations (showing 10 of 20)

  Obs  ID  Condition  Time  IPIP_Openness  PPP_PA  PPP_NA  PPP_Fatigue  PPP_Serenity  PPP_PG  PPP_Presence  PPP_Search  PPP_SWLS  PPP_MILQ  PPP_Authenticity  PPP_Effort  WordCountMean
-----  --  ---------  ----  -------------  ------  ------  -----------  ------------  ------  ------------  ----------  --------  --------  ----------------  ----------  -------------
    1   1          1     0           4.59    4.19    1.38         2.83          5.59     3.7          4.83        2.83       3.9      5.56              5.76        4.14          126.8
    2   1          1     1           4.59    3.79    1.57         2.53           5.5    3.15          4.74        3.22      3.98      5.78              5.28        4.45          126.8
    3   1          1     2           4.59    3.72    1.41         3.08           6.1    3.38          4.16        2.72      3.79      5.53              5.33        3.85          126.8
    4   2          0     0           3.18    3.79    1.96         2.67          4.51    4.66          4.02        2.92      3.82      4.23               4.3        2.66          179.7
    5   2          0     1           3.18    4.04    1.78         2.82           4.6    4.11          4.06        3.37      3.78       4.4                 5        2.88          179.7
    6   2          0     2           3.18    3.44    1.97         3.29          5.02    4.47          3.93        3.02      4.35      3.92              4.48         2.2          179.7
    7   3          1     0           2.76    4.91    2.14          2.3           4.4    3.54          3.97        3.44      4.75      5.46              6.17        4.02            167
    8   3          1     1           2.76    5.65    1.83         2.35          4.39    3.09           4.5        3.33      5.06      5.98              5.29        4.37            167
    9   3          1     2           2.76    5.61    2.19         2.81          5.28    3.32          4.38        3.47      5.09      5.49              5.69        4.05            167
   10   4          0     0           5.92    5.49    1.88         2.95          5.16     3.6          4.73        3.75      5.28      5.58              4.99        3.06          190.6

... 50 more observations (showing 10 of 60)

  Obs  ID  Condition  Time  IPIP_Openness  PPP_PA  PPP_NA  PPP_Fatigue  PPP_Serenity  PPP_PG  PPP_Presence  PPP_Search  PPP_SWLS  PPP_MILQ  PPP_Authenticity  PPP_Effort  WordCountMean  IPIP_Open_gc  PPP_PA_pc  PPP_NA_pc  PPP_Fatigue_pc  PPP_Serenity_pc  PPP_PG_pc  PPP_Presence_pc  PPP_Search_pc  PPP_SWLS_pc  PPP_Authenticity_pc  PPP_Effort_pc  PPP_PA_gc  PPP_NA_gc  PPP_Fatigue_gc  PPP_Serenity_gc  PPP_PG_gc  PPP_Presence_gc  PPP_Search_gc  PPP_SWLS_gc  PPP_Authenticity_gc  PPP_Effort_gc
-----  --  ---------  ----  -------------  ------  ------  -----------  ------------  ------  ------------  ----------  --------  --------  ----------------  ----------  -------------  ------------  ---------  ---------  --------------  ---------------  ---------  ---------------  -------------  -----------  -------------------  -------------  ---------  ---------  --------------  ---------------  ---------  ---------------  -------------  -----------  -------------------  -------------
    1   1          1     0           4.59    4.19    1.38         2.83          5.59     3.7          4.83        2.83       3.9      5.56              5.76        4.14          126.8          4.59       4.19       1.38            2.83             5.59        3.7             4.83           2.83          3.9                 5.76           4.14       4.19       1.38            2.83             5.59        3.7             4.83           2.83          3.9                 5.76           4.14
    2   1          1     1           4.59    3.79    1.57         2.53           5.5    3.15          4.74        3.22      3.98      5.78              5.28        4.45          126.8          4.59       3.79       1.57            2.53              5.5       3.15             4.74           3.22         3.98                 5.28           4.45       3.79       1.57            2.53              5.5       3.15             4.74           3.22         3.98                 5.28           4.45
    3   1          1     2           4.59    3.72    1.41         3.08           6.1    3.38          4.16        2.72      3.79      5.53              5.33        3.85          126.8          4.59       3.72       1.41            3.08              6.1       3.38             4.16           2.72         3.79                 5.33           3.85       3.72       1.41            3.08              6.1       3.38             4.16           2.72         3.79                 5.33           3.85
    4   2          0     0           3.18    3.79    1.96         2.67          4.51    4.66          4.02        2.92      3.82      4.23               4.3        2.66          179.7          3.18       3.79       1.96            2.67             4.51       4.66             4.02           2.92         3.82                  4.3           2.66       3.79       1.96            2.67             4.51       4.66             4.02           2.92         3.82                  4.3           2.66
    5   2          0     1           3.18    4.04    1.78         2.82           4.6    4.11          4.06        3.37      3.78       4.4                 5        2.88          179.7          3.18       4.04       1.78            2.82              4.6       4.11             4.06           3.37         3.78                    5           2.88       4.04       1.78            2.82              4.6       4.11             4.06           3.37         3.78                    5           2.88
    6   2          0     2           3.18    3.44    1.97         3.29          5.02    4.47          3.93        3.02      4.35      3.92              4.48         2.2          179.7          3.18       3.44       1.97            3.29             5.02       4.47             3.93           3.02         4.35                 4.48            2.2       3.44       1.97            3.29             5.02       4.47             3.93           3.02         4.35                 4.48            2.2
    7   3          1     0           2.76    4.91    2.14          2.3           4.4    3.54          3.97        3.44      4.75      5.46              6.17        4.02            167          2.76       4.91       2.14             2.3              4.4       3.54             3.97           3.44         4.75                 6.17           4.02       4.91       2.14             2.3              4.4       3.54             3.97           3.44         4.75                 6.17           4.02
    8   3          1     1           2.76    5.65    1.83         2.35          4.39    3.09           4.5        3.33      5.06      5.98              5.29        4.37            167          2.76       5.65       1.83            2.35             4.39       3.09              4.5           3.33         5.06                 5.29           4.37       5.65       1.83            2.35             4.39       3.09              4.5           3.33         5.06                 5.29           4.37
    9   3          1     2           2.76    5.61    2.19         2.81          5.28    3.32          4.38        3.47      5.09      5.49              5.69        4.05            167          2.76       5.61       2.19            2.81             5.28       3.32             4.38           3.47         5.09                 5.69           4.05       5.61       2.19            2.81             5.28       3.32             4.38           3.47         5.09                 5.69           4.05
   10   4          0     0           5.92    5.49    1.88         2.95          5.16     3.6          4.73        3.75      5.28      5.58              4.99        3.06          190.6          5.92       5.49       1.88            2.95             5.16        3.6             4.73           3.75         5.28                 4.99           3.06       5.49       1.88            2.95             5.16        3.6             4.73           3.75         5.28                 4.99           3.06

... 50 more observations (showing 10 of 60)

  Obs  ID  CONDITION  TIME  IPIP_OPENNESS  PPP_PA  PPP_NA  PPP_FATIGUE  PPP_SERENITY  PPP_PG  PPP_PRESENCE  PPP_SEARCH  PPP_SWLS  PPP_MILQ  PPP_AUTHENTICITY  PPP_EFFORT  WORDCOUNTMEAN  IPIP_OPEN_GC      PPP_PA_PC      PPP_NA_PC  PPP_FATIGUE_PC  PPP_SERENITY_PC      PPP_PG_PC  PPP_PRESENCE_PC  PPP_SEARCH_PC    PPP_SWLS_PC  PPP_AUTHENTICITY_PC  PPP_EFFORT_PC  PPP_PA_GC  PPP_NA_GC  PPP_FATIGUE_GC  PPP_SERENITY_GC  PPP_PG_GC  PPP_PRESENCE_GC  PPP_SEARCH_GC  PPP_SWLS_GC  PPP_AUTHENTICITY_GC  PPP_EFFORT_GC
-----  --  ---------  ----  -------------  ------  ------  -----------  ------------  ------  ------------  ----------  --------  --------  ----------------  ----------  -------------  ------------  -------------  -------------  --------------  ---------------  -------------  ---------------  -------------  -------------  -------------------  -------------  ---------  ---------  --------------  ---------------  ---------  ---------------  -------------  -----------  -------------------  -------------
    1   1          1     0           4.59    4.19    1.38         2.83          5.59     3.7          4.83        2.83       3.9      5.56              5.76        4.14          126.8          4.59           0.29  -0.0733333333    0.0166666667            -0.14           0.29     0.2533333333  -0.0933333333           0.01         0.3033333333  -0.0066666667       4.19       1.38            2.83             5.59        3.7             4.83           2.83          3.9                 5.76           4.14
    2   1          1     1           4.59    3.79    1.57         2.53           5.5    3.15          4.74        3.22      3.98      5.78              5.28        4.45          126.8          4.59          -0.11   0.1166666667   -0.2833333333            -0.23          -0.26     0.1633333333   0.2966666667           0.09        -0.1766666667   0.3033333333       3.79       1.57            2.53              5.5       3.15             4.74           3.22         3.98                 5.28           4.45
    3   1          1     2           4.59    3.72    1.41         3.08           6.1    3.38          4.16        2.72      3.79      5.53              5.33        3.85          126.8          4.59          -0.18  -0.0433333333    0.2666666667             0.37          -0.03    -0.4166666667  -0.2033333333           -0.1        -0.1266666667  -0.2966666667       3.72       1.41            3.08              6.1       3.38             4.16           2.72         3.79                 5.33           3.85
    4   2          0     0           3.18    3.79    1.96         2.67          4.51    4.66          4.02        2.92      3.82      4.23               4.3        2.66          179.7          3.18   0.0333333333   0.0566666667   -0.2566666667             -0.2   0.2466666667     0.0166666667  -0.1833333333  -0.1633333333        -0.2933333333           0.08       3.79       1.96            2.67             4.51       4.66             4.02           2.92         3.82                  4.3           2.66
    5   2          0     1           3.18    4.04    1.78         2.82           4.6    4.11          4.06        3.37      3.78       4.4                 5        2.88          179.7          3.18   0.2833333333  -0.1233333333   -0.1066666667            -0.11  -0.3033333333     0.0566666667   0.2666666667  -0.2033333333         0.4066666667            0.3       4.04       1.78            2.82              4.6       4.11             4.06           3.37         3.78                    5           2.88
    6   2          0     2           3.18    3.44    1.97         3.29          5.02    4.47          3.93        3.02      4.35      3.92              4.48         2.2          179.7          3.18  -0.3166666667   0.0666666667    0.3633333333             0.31   0.0566666667    -0.0733333333  -0.0833333333   0.3666666667        -0.1133333333          -0.38       3.44       1.97            3.29             5.02       4.47             3.93           3.02         4.35                 4.48            2.2
    7   3          1     0           2.76    4.91    2.14          2.3           4.4    3.54          3.97        3.44      4.75      5.46              6.17        4.02            167          2.76          -0.48   0.0866666667   -0.1866666667            -0.29   0.2233333333    -0.3133333333   0.0266666667  -0.2166666667         0.4533333333  -0.1266666667       4.91       2.14             2.3              4.4       3.54             3.97           3.44         4.75                 6.17           4.02
    8   3          1     1           2.76    5.65    1.83         2.35          4.39    3.09           4.5        3.33      5.06      5.98              5.29        4.37            167          2.76           0.26  -0.2233333333   -0.1366666667             -0.3  -0.2266666667     0.2166666667  -0.0833333333   0.0933333333        -0.4266666667   0.2233333333       5.65       1.83            2.35             4.39       3.09              4.5           3.33         5.06                 5.29           4.37
    9   3          1     2           2.76    5.61    2.19         2.81          5.28    3.32          4.38        3.47      5.09      5.49              5.69        4.05            167          2.76           0.22   0.1366666667    0.3233333333             0.59   0.0033333333     0.0966666667   0.0566666667   0.1233333333        -0.0266666667  -0.0966666667       5.61       2.19            2.81             5.28       3.32             4.38           3.47         5.09                 5.69           4.05
   10   4          0     0           5.92    5.49    1.88         2.95          5.16     3.6          4.73        3.75      5.28      5.58              4.99        3.06          190.6          5.92  -0.0333333333   0.1533333333   -0.4666666667            -0.06   0.1433333333    -0.1766666667   0.2166666667   0.3466666667         0.4066666667   0.2266666667       5.49       1.88            2.95             5.16        3.6             4.73           3.75         5.28                 4.99           3.06

... 50 more observations (showing 10 of 60)

  Obs  ID  CONDITION  TIME  IPIP_OPENNESS  PPP_PA  PPP_NA  PPP_FATIGUE  PPP_SERENITY  PPP_PG  PPP_PRESENCE  PPP_SEARCH  PPP_SWLS  PPP_MILQ  PPP_AUTHENTICITY  PPP_EFFORT  WORDCOUNTMEAN  IPIP_OPEN_GC      PPP_PA_PC      PPP_NA_PC  PPP_FATIGUE_PC  PPP_SERENITY_PC      PPP_PG_PC  PPP_PRESENCE_PC  PPP_SEARCH_PC    PPP_SWLS_PC  PPP_AUTHENTICITY_PC  PPP_EFFORT_PC      PPP_PA_GC  PPP_NA_GC  PPP_FATIGUE_GC  PPP_SERENITY_GC      PPP_PG_GC  PPP_PRESENCE_GC  PPP_SEARCH_GC    PPP_SWLS_GC  PPP_AUTHENTICITY_GC  PPP_EFFORT_GC
-----  --  ---------  ----  -------------  ------  ------  -----------  ------------  ------  ------------  ----------  --------  --------  ----------------  ----------  -------------  ------------  -------------  -------------  --------------  ---------------  -------------  ---------------  -------------  -------------  -------------------  -------------  -------------  ---------  --------------  ---------------  -------------  ---------------  -------------  -------------  -------------------  -------------
    1   1          1     0           4.59    4.19    1.38         2.83          5.59     3.7          4.83        2.83       3.9      5.56              5.76        4.14        -16.255        0.3405           0.29  -0.0733333333    0.0166666667            -0.14           0.29     0.2533333333  -0.0933333333           0.01         0.3033333333  -0.0066666667  -0.2556666667     -0.809   -0.3671666667           0.6765  -0.3413333333     0.3791666667         -0.589  -0.8588333333               0.4795   0.7853333333
    2   1          1     1           4.59    3.79    1.57         2.53           5.5    3.15          4.74        3.22      3.98      5.78              5.28        4.45        -16.255        0.3405          -0.11   0.1166666667   -0.2833333333            -0.23          -0.26     0.1633333333   0.2966666667           0.09        -0.1766666667   0.3033333333  -0.6556666667     -0.619   -0.6671666667           0.5865  -0.8913333333     0.2891666667         -0.199  -0.7788333333              -0.0005   1.0953333333
    3   1          1     2           4.59    3.72    1.41         3.08           6.1    3.38          4.16        2.72      3.79      5.53              5.33        3.85        -16.255        0.3405          -0.18  -0.0433333333    0.2666666667             0.37          -0.03    -0.4166666667  -0.2033333333           -0.1        -0.1266666667  -0.2966666667  -0.7256666667     -0.779   -0.1171666667           1.1865  -0.6613333333    -0.2908333333         -0.699  -0.9688333333               0.0495   0.4953333333
    4   2          0     0           3.18    3.79    1.96         2.67          4.51    4.66          4.02        2.92      3.82      4.23               4.3        2.66         36.645       -1.0695   0.0333333333   0.0566666667   -0.2566666667             -0.2   0.2466666667     0.0166666667  -0.1833333333  -0.1633333333        -0.2933333333           0.08  -0.6556666667     -0.229   -0.5271666667          -0.4035   0.6186666667    -0.4308333333         -0.499  -0.9388333333              -0.9805  -0.6946666667
    5   2          0     1           3.18    4.04    1.78         2.82           4.6    4.11          4.06        3.37      3.78       4.4                 5        2.88         36.645       -1.0695   0.2833333333  -0.1233333333   -0.1066666667            -0.11  -0.3033333333     0.0566666667   0.2666666667  -0.2033333333         0.4066666667            0.3  -0.4056666667     -0.409   -0.3771666667          -0.3135   0.0686666667    -0.3908333333         -0.049  -0.9788333333              -0.2805  -0.4746666667
    6   2          0     2           3.18    3.44    1.97         3.29          5.02    4.47          3.93        3.02      4.35      3.92              4.48         2.2         36.645       -1.0695  -0.3166666667   0.0666666667    0.3633333333             0.31   0.0566666667    -0.0733333333  -0.0833333333   0.3666666667        -0.1133333333          -0.38  -1.0056666667     -0.219    0.0928333333           0.1065   0.4286666667    -0.5208333333         -0.399  -0.4088333333              -0.8005  -1.1546666667
    7   3          1     0           2.76    4.91    2.14          2.3           4.4    3.54          3.97        3.44      4.75      5.46              6.17        4.02         23.945       -1.4895          -0.48   0.0866666667   -0.1866666667            -0.29   0.2233333333    -0.3133333333   0.0266666667  -0.2166666667         0.4533333333  -0.1266666667   0.4643333333     -0.049   -0.8971666667          -0.5135  -0.5013333333    -0.4808333333          0.021  -0.0088333333               0.8895   0.6653333333
    8   3          1     1           2.76    5.65    1.83         2.35          4.39    3.09           4.5        3.33      5.06      5.98              5.29        4.37         23.945       -1.4895           0.26  -0.2233333333   -0.1366666667             -0.3  -0.2266666667     0.2166666667  -0.0833333333   0.0933333333        -0.4266666667   0.2233333333   1.2043333333     -0.359   -0.8471666667          -0.5235  -0.9513333333     0.0491666667         -0.089   0.3011666667               0.0095   1.0153333333
    9   3          1     2           2.76    5.61    2.19         2.81          5.28    3.32          4.38        3.47      5.09      5.49              5.69        4.05         23.945       -1.4895           0.22   0.1366666667    0.3233333333             0.59   0.0033333333     0.0966666667   0.0566666667   0.1233333333        -0.0266666667  -0.0966666667   1.1643333333      0.001   -0.3871666667           0.3665  -0.7213333333    -0.0708333333          0.051   0.3311666667               0.4095   0.6953333333
   10   4          0     0           5.92    5.49    1.88         2.95          5.16     3.6          4.73        3.75      5.28      5.58              4.99        3.06         47.545        1.6705  -0.0333333333   0.1533333333   -0.4666666667            -0.06   0.1433333333    -0.1766666667   0.2166666667   0.3466666667         0.4066666667   0.2266666667   1.0443333333     -0.309   -0.2471666667           0.2465  -0.4413333333     0.2791666667          0.331   0.5211666667              -0.2905  -0.2946666667

... 50 more observations (showing 10 of 60)

                                                  The MEANS Procedure

 Variable             N           Mean        Std Dev         Minimum        Maximum
 -----------------------------------------------------------------------------------
 WORDCOUNTMEAN       60     -0.0000000     37.8251930     -78.9550000     71.7450000
 -----------------------------------------------------------------------------------

